Frequency Analysis - variable 'LATITUDE_CIRCLE_IMAGE'
| Interval          |   Frequency |   Frequency (%) |   Cumulative Freq. |   Cumulative Freq. (%) |
|-------------------+-------------+-----------------+--------------------+------------------------|
| [-90.0 <-> -72.0) |        5453 |        1.41878  |               5453 |                1.41878 |
| [-72.0 <-> -54.0) |       26622 |        6.92663  |              32075 |                8.34541 |
| [-54.0 <-> -36.0) |       45365 |       11.8033   |              77440 |               20.1487  |
| [-36.0 <-> -18.0) |       78347 |       20.3847   |             155787 |               40.5333  |
| [-18.0 <-> 0.0)   |       77433 |       20.1468   |             233220 |               60.6802  |
| [0.0 <-> 18.0)    |       57158 |       14.8716   |             290378 |               75.5518  |
| [18.0 <-> 36.0)   |       49520 |       12.8843   |             339898 |               88.4361  |
| [36.0 <-> 54.0)   |       27231 |        7.08508  |             367129 |               95.5212  |
| [54.0 <-> 72.0)   |       15350 |        3.99383  |             382479 |               99.515   |
| [72.0 <-> 90]     |        1864 |        0.484983 |             384343 |              100       |

Frequency Analysis - variable 'LONGITUDE_EAST_360'
| Interval          |   Frequency |   Frequency (%) |   Cumulative Freq. |   Cumulative Freq. (%) |
|-------------------+-------------+-----------------+--------------------+------------------------|
| [0.0 <-> 36.0)    |       51676 |        13.4453  |              51676 |                13.4453 |
| [36.0 <-> 72.0)   |       42231 |        10.9878  |              93907 |                24.4331 |
| [72.0 <-> 108.0)  |       42305 |        11.0071  |             136212 |                35.4402 |
| [108.0 <-> 144.0) |       39460 |        10.2669  |             175672 |                45.7071 |
| [144.0 <-> 180.0) |       34912 |         9.08355 |             210584 |                54.7906 |
| [180.0 <-> 216.0) |       33124 |         8.61834 |             243708 |                63.409  |
| [216.0 <-> 252.0) |       21185 |         5.512   |             264893 |                68.921  |
| [252.0 <-> 288.0) |       27935 |         7.26825 |             292828 |                76.1892 |
| [288.0 <-> 324.0) |       43119 |        11.2189  |             335947 |                87.4081 |
| [324.0 <-> 360]   |       48396 |        12.5919  |             384343 |               100      |

Frequency Analysis - variable 'DIAM_CIRCLE_IMAGE'
| Interval               |   Frequency |   Frequency (%) |   Cumulative Freq. |   Cumulative Freq. (%) |
|------------------------+-------------+-----------------+--------------------+------------------------|
| [1.0 <-> 117.322)      |      384160 |    99.9524      |             384160 |                99.9524 |
| [117.322 <-> 233.644)  |         148 |     0.0385073   |             384308 |                99.9909 |
| [233.644 <-> 349.966)  |          24 |     0.00624442  |             384332 |                99.9971 |
| [349.966 <-> 466.288)  |           6 |     0.00156111  |             384338 |                99.9987 |
| [466.288 <-> 582.61)   |           2 |     0.000520369 |             384340 |                99.9992 |
| [582.61 <-> 698.932)   |           1 |     0.000260184 |             384341 |                99.9995 |
| [698.932 <-> 815.254)  |           0 |     0           |             384341 |                99.9995 |
| [815.254 <-> 931.576)  |           0 |     0           |             384341 |                99.9995 |
| [931.576 <-> 1047.898) |           0 |     0           |             384341 |                99.9995 |
| [1047.898 <-> 1164.22] |           2 |     0.000520369 |             384343 |               100      |
